                                    "Force Report"

Forces
                          Forces (n)                                                                                                                                Coefficients                                                                                                                             
Zone                      Pressure                                      Viscous                                       Total                                         Pressure                                      Viscous                                       Total                                        
blade0                    (-251.60802 -1301.3097 -298.9824)             (-8.0746332 -9.9320594 0.59415031)            (-259.68265 -1311.2418 -298.38825)            (-2.0164938 -10.42925 -2.3961723)             (-0.064713549 -0.079599754 0.0047617736)      (-2.0812074 -10.50885 -2.3914105)            
blade1                    (336.37409 -2233.6593 -39.813618)             (-16.104231 -12.023643 3.8318382)             (320.26986 -2245.6829 -35.98178)              (2.6958452 -17.901497 -0.31908329)            (-0.12906617 -0.096362596 0.030709983)        (2.566779 -17.99786 -0.28837331)             
blade10                   (1756.2568 -7912.2599 143.30813)              (-53.224128 -14.437978 1.0069876)             (1703.0327 -7926.6979 144.31512)              (14.07539 -63.412221 1.1485324)               (-0.42656083 -0.1157121 0.0080704275)         (13.648829 -63.527933 1.1566028)             
blade11                   (1752.1593 -8365.3665 156.123)                (-57.283286 -14.78625 1.1064644)              (1694.876 -8380.1527 157.22946)               (14.042551 -67.04361 1.2512362)               (-0.45909265 -0.1185033 0.0088676769)         (13.583458 -67.162113 1.2601039)             
blade12                   (1746.0764 -8791.1908 165.1901)               (-61.287543 -15.115962 1.1865574)             (1684.7889 -8806.3068 166.37666)              (13.9938 -70.456347 1.3239038)                (-0.49118447 -0.12114576 0.0095095763)        (13.502615 -70.577493 1.3334134)             
blade13                   (1735.284 -9187.7502 177.92631)               (-65.164958 -15.388112 1.2937303)             (1670.119 -9203.1383 179.22004)               (13.907305 -73.634543 1.4259772)              (-0.52225973 -0.12332688 0.010368506)         (13.385045 -73.75787 1.4363457)              
blade14                   (1722.1616 -9556.6317 182.20909)              (-68.840963 -15.641299 1.3713443)             (1653.3206 -9572.273 183.58043)               (13.802137 -76.590916 1.4603012)              (-0.5517208 -0.12535603 0.010990537)          (13.250416 -76.716273 1.4712918)             
blade15                   (1704.6643 -9901.2469 194.5683)               (-72.245825 -15.817921 1.4572104)             (1632.4185 -9917.0648 196.02551)              (13.661906 -79.352809 1.5593532)              (-0.57900881 -0.12677156 0.011678705)         (13.082897 -79.479581 1.5710319)             
blade16                   (1684.0447 -10207.993 206.52405)              (-75.398462 -15.974528 1.5315675)             (1608.6462 -10223.968 208.05562)              (13.496651 -81.811203 1.6551717)              (-0.60427539 -0.12802667 0.012274634)         (12.892376 -81.93923 1.6674463)              
blade17                   (1659.072 -10470.984 213.35611)               (-78.23808 -16.060395 1.5805454)              (1580.8339 -10487.044 214.93666)              (13.29651 -83.918925 1.7099267)               (-0.62703329 -0.12871485 0.012667164)         (12.669476 -84.04764 1.7225939)              
blade18                   (1632.2203 -10702.501 224.43368)              (-81.11197 -16.111058 1.6395694)              (1551.1083 -10718.612 226.07325)              (13.081309 -85.774401 1.7987071)              (-0.65006587 -0.12912088 0.013140207)         (12.431243 -85.903522 1.8118473)             
blade19                   (1595.304 -10894.97 230.06322)                (-83.890689 -16.114208 1.6744515)             (1511.4133 -10911.084 231.73767)              (12.785446 -87.31693 1.8438246)               (-0.67233571 -0.12914613 0.013419767)         (12.11311 -87.446076 1.8572444)              
blade2                    (1028.5631 -2683.9014 171.17147)              (-20.771828 -11.31506 5.7897879)              (1007.7913 -2695.2165 176.96126)              (8.2433427 -21.509929 1.3718411)              (-0.16647428 -0.09068371 0.046401826)         (8.0768685 -21.600613 1.4182429)             
blade20                   (1550.738 -11025.473 234.7081)                (-86.275596 -16.057227 1.6911243)             (1464.4624 -11041.53 236.39922)               (12.428275 -88.362836 1.8810507)              (-0.69144937 -0.12868946 0.01355339)          (11.736825 -88.491526 1.8946041)             
blade21                   (1496.9432 -11065.636 247.63013)              (-88.354673 -15.955084 1.6930954)             (1408.5885 -11081.591 249.32323)              (11.99714 -88.68472 1.9846133)                (-0.70811198 -0.12787084 0.013569188)         (11.289028 -88.81259 1.9981825)              
blade22                   (1429.2016 -11010.069 248.90416)              (-90.211366 -15.707885 1.657864)              (1338.9902 -11025.777 250.56202)              (11.45423 -88.239382 1.9948239)               (-0.72299231 -0.12588968 0.013286828)         (10.731238 -88.365272 2.0081108)             
blade23                   (1338.8844 -10808.449 247.79069)              (-91.218908 -15.322999 1.6076126)             (1247.6655 -10823.772 249.3983)               (10.73039 -86.623513 1.9859001)               (-0.73106718 -0.12280504 0.012884092)         (9.9993226 -86.746318 1.9987842)             
blade24                   (1217.1162 -10369.636 252.76381)              (-91.932663 -14.812203 1.5083676)             (1125.1835 -10384.448 254.27218)              (9.7544876 -83.106679 2.0257568)              (-0.73678751 -0.1187113 0.0120887)            (9.0177001 -83.22539 2.0378455)              
blade25                   (1041.9618 -9546.6489 241.35089)              (-91.93511 -13.908962 1.4384142)              (950.02669 -9560.5579 242.7893)               (8.3507256 -76.51091 1.9342888)               (-0.73680713 -0.11147235 0.011528064)         (7.6139185 -76.622382 1.9458169)             
blade26                   (700.60562 -7949.4033 218.60941)              (-91.373114 -12.101538 1.1958254)             (609.23251 -7961.5048 219.80524)              (5.6149518 -63.709904 1.7520289)              (-0.73230305 -0.096986879 0.009583854)        (4.8826488 -63.80689 1.7616128)              
blade27                   (31.702523 -3211.3509 1152.5738)              (-52.169244 -4.5859662 1.8219466)             (-20.466721 -3215.9369 1154.3957)             (0.25407752 -25.737134 9.2372173)             (-0.41810654 -0.036753886 0.014601856)        (-0.16402902 -25.773888 9.2518192)           
blade3                    (1361.025 -3486.5931 161.87255)               (-24.458147 -11.305485 4.0868839)             (1336.5669 -3497.8986 165.95943)              (10.907834 -27.943042 1.2973156)              (-0.19601801 -0.090606972 0.032754028)        (10.711816 -28.033649 1.3300696)             
blade4                    (1550.2733 -4271.9772 151.14664)              (-28.702045 -11.844877 2.2877046)             (1521.5713 -4283.8221 153.43434)              (12.42455 -34.237445 1.2113535)               (-0.23003041 -0.094929889 0.018334639)        (12.19452 -34.332375 1.2296882)              
blade5                    (1645.6836 -5089.1429 158.26169)              (-32.398899 -12.338793 1.2561783)             (1613.2847 -5101.4817 159.51787)              (13.189209 -40.786559 1.2683766)              (-0.25965857 -0.098888342 0.010067548)        (12.929551 -40.885447 1.2784441)             
blade6                    (1699.5989 -5794.8253 102.74893)              (-36.288934 -12.758373 1.0006705)             (1663.31 -5807.5837 103.7496)                 (13.621309 -46.442198 0.82347368)             (-0.29083497 -0.10225103 0.0080197996)        (13.330474 -46.544449 0.83149348)            
blade7                    (1730.3781 -6386.875 112.66221)               (-40.410332 -13.218377 0.91493326)            (1689.9678 -6400.0934 113.57714)              (13.867987 -51.187136 0.90292293)             (-0.32386561 -0.1059377 0.0073326648)         (13.544121 -51.293074 0.9102556)             
blade8                    (1746.994 -6929.8874 123.5496)                (-44.655343 -13.659311 0.90840822)            (1702.3387 -6943.5467 124.45801)              (14.001154 -55.539069 0.99017911)             (-0.35788694 -0.10947154 0.0072803704)        (13.643267 -55.648541 0.99745948)            
blade9                    (1755.0924 -7436.0099 136.80004)              (-48.976333 -14.066175 0.94825636)            (1706.1161 -7450.0761 137.7483)               (14.066058 -59.59535 1.0963738)               (-0.39251719 -0.11273232 0.0075997303)        (13.673541 -59.708083 1.1039735)             
------------------------- --------------------------------------------- --------------------------------------------- --------------------------------------------- --------------------------------------------- --------------------------------------------- ---------------------------------------------
Net                       (38396.771 -216591.74 5517.4501)              (-1680.9973 -386.36173 48.08149)              (36715.774 -216978.1 5565.5316)               (307.72808 -1735.8585 44.219195)              (-13.472228 -3.0964674 0.38534554)            (294.25585 -1738.9549 44.60454)              

Forces - Direction Vector (1 0 0)
                          Forces (n)                                      Coefficients                                   
Zone                      Pressure        Viscous         Total           Pressure        Viscous         Total          
blade0                    -251.60802      -8.0746332      -259.68265      -2.0164938      -0.064713549    -2.0812074     
blade1                    336.37409       -16.104231      320.26986       2.6958452       -0.12906617     2.566779       
blade10                   1756.2568       -53.224128      1703.0327       14.07539        -0.42656083     13.648829      
blade11                   1752.1593       -57.283286      1694.876        14.042551       -0.45909265     13.583458      
blade12                   1746.0764       -61.287543      1684.7889       13.9938         -0.49118447     13.502615      
blade13                   1735.284        -65.164958      1670.119        13.907305       -0.52225973     13.385045      
blade14                   1722.1616       -68.840963      1653.3206       13.802137       -0.5517208      13.250416      
blade15                   1704.6643       -72.245825      1632.4185       13.661906       -0.57900881     13.082897      
blade16                   1684.0447       -75.398462      1608.6462       13.496651       -0.60427539     12.892376      
blade17                   1659.072        -78.23808       1580.8339       13.29651        -0.62703329     12.669476      
blade18                   1632.2203       -81.11197       1551.1083       13.081309       -0.65006587     12.431243      
blade19                   1595.304        -83.890689      1511.4133       12.785446       -0.67233571     12.11311       
blade2                    1028.5631       -20.771828      1007.7913       8.2433427       -0.16647428     8.0768685      
blade20                   1550.738        -86.275596      1464.4624       12.428275       -0.69144937     11.736825      
blade21                   1496.9432       -88.354673      1408.5885       11.99714        -0.70811198     11.289028      
blade22                   1429.2016       -90.211366      1338.9902       11.45423        -0.72299231     10.731238      
blade23                   1338.8844       -91.218908      1247.6655       10.73039        -0.73106718     9.9993226      
blade24                   1217.1162       -91.932663      1125.1835       9.7544876       -0.73678751     9.0177001      
blade25                   1041.9618       -91.93511       950.02669       8.3507256       -0.73680713     7.6139185      
blade26                   700.60562       -91.373114      609.23251       5.6149518       -0.73230305     4.8826488      
blade27                   31.702523       -52.169244      -20.466721      0.25407752      -0.41810654     -0.16402902    
blade3                    1361.025        -24.458147      1336.5669       10.907834       -0.19601801     10.711816      
blade4                    1550.2733       -28.702045      1521.5713       12.42455        -0.23003041     12.19452       
blade5                    1645.6836       -32.398899      1613.2847       13.189209       -0.25965857     12.929551      
blade6                    1699.5989       -36.288934      1663.31         13.621309       -0.29083497     13.330474      
blade7                    1730.3781       -40.410332      1689.9678       13.867987       -0.32386561     13.544121      
blade8                    1746.994        -44.655343      1702.3387       14.001154       -0.35788694     13.643267      
blade9                    1755.0924       -48.976333      1706.1161       14.066058       -0.39251719     13.673541      
------------------------- --------------- --------------- --------------- --------------- --------------- ---------------
Net                       38396.771       -1680.9973      36715.774       307.72808       -13.472228      294.25585      
